population_id,1990,1991,1992,1993,1994,1995,1996,1997,1998,1999,2000,2001,2002,2003,2004,2005,2006,2007,2008,2009,2010,2011,2012,2013,2014,2015,2016
40,1,0.236126124569255,0.228405045820034,0.14354640938007,0.0501917672029593,-0.000905054158131691,-1,-1,-1,-1,-1,-1,-1,-1,-1,-1,-1,-1,-1,-1,-1,-1,-1,-1,-1,-1,-1
178,1,-1,-1,-1,-1,-1,-1,-1,-1,-1,-1,-1,0.337230108515031,0.302044367901283,0.223152138211471,0.0987337880463731,-0.060026996669825,-0.225938948827152,-0.360577889863439,-0.43183849469019,-1,-1,-1,-1,-1,-1,-1
179,1,-1,-1,-1,-1,-1,-1,-1,-1,-1,-1,-1,0.327493709128204,0.291616176102273,0.221854704972481,0.13156169407124,0.0388433449260651,-0.0404202912141857,-0.0953637821828865,-0.121652289967491,-1,-1,-1,-1,-1,-1,-1
44,1,0.00620146137092067,0.00627174685470122,0.00636721210937254,0.00648621041986361,0.00657227462695271,-1,-1,-1,-1,-1,-1,-1,-1,-1,-1,-1,-1,-1,-1,-1,-1,-1,-1,-1,-1,-1
45,1,0.177832279910797,0.186400393739427,0.186559954651766,0.184182597394253,0.182752254860056,-1,-1,-1,-1,-1,-1,-1,-1,-1,-1,-1,-1,-1,-1,-1,-1,-1,-1,-1,-1,-1
46,1,0.028739338120136,0.0344675358173654,0.0402422925013721,0.0446971360412913,0.0466723244984923,-1,-1,-1,-1,-1,-1,-1,-1,-1,-1,-1,-1,-1,-1,-1,-1,-1,-1,-1,-1,-1
47,1,-0.0284005334941138,-0.0504128881659144,-0.066116696195735,-0.0766046482787258,-0.0816857583725853,-1,-1,-1,-1,-1,-1,-1,-1,-1,-1,-1,-1,-1,-1,-1,-1,-1,-1,-1,-1,-1
49,1,-0.00442056599461538,-0.00442056599463192,-0.00442056599467766,-0.00442056599474727,-0.00442056599481744,-0.0044205659948745,-0.00442056599492147,-0.00442056599496077,-0.0044205659949843,-1,-1,-1,-1,-1,-1,-1,-1,-1,-1,-1,-1,-1,-1,-1,-1,-1
180,1,0.0163005595626711,0.0130904371810896,0.0138108429087094,0.0164636646077216,0.0139320338470963,0.00500401596911004,-0.00444546733038997,-0.0116133862918462,-0.0193164274095636,-0.0275485995042937,-0.0319026932594033,-0.032814457249124,-0.0370610522890713,-0.0459427398435537,-0.0505282903107833,-0.0441182860974507,-0.0320414470601582,-0.0230934049448477,-0.0182959691622804,-0.015154738046415,-0.01616138469186,-0.0237282117397957,-0.0316677301331723,-1,-1,-1
131,1,-0.0310766322949594,-0.032761671103126,-0.0338371208157451,-0.0342311743789299,-0.0339126111388504,-0.0330384535798602,-0.0323516618542919,-1,-1,-1,-1,-1,-1,-1,-1,-1,-1,-1,-1,-1,-1,-1,-1,-1,-1,-1
789,1,0.0153265315431117,0.0149308309157474,0.0156924559405995,0.0149033760369672,0.00954438035639349,-0.000399942057839553,-0.011812707074859,-0.0213111213013084,-0.0272182640923777,-0.0295746261770242,-0.0301870019502974,-0.0324605813165482,-0.0386685523949453,-0.0462678149274955,-0.0488372172471596,-0.042552308255897,-0.0308432957250471,-0.0209226731708378,-0.0162846053173364,-0.0144840604507532,-0.0120093193338109,-0.0089040740758195,-0.00760927635310438,-0.00908043414871607,-0.0117309496138844,-0.0134874031275309
788,1,-0.0190406946300699,-0.0179815742894429,-0.0163803395244595,-0.0140547272534346,-0.0112702328271466,-0.00850140476823702,-0.00583613470379252,-0.00282151631827077,0.00101507673327994,0.00560263978845299,0.0103552458246634,0.0146517723161574,0.0181585741291821,0.020750605037116,0.022349092024696,0.0229889289299714,0.0229776204426178,0.0228046648915794,-1,-1,-1,-1,-1,-1,-1,-1
97,1,0.0522259609721578,0.052487927726439,0.052611686514493,0.0524870735118999,0.0520963795385398,0.0513487199085221,0.0499001994559167,0.0473456303575341,0.0436949966362725,0.0395354150518843,0.0356335563997918,0.0324656158936758,0.0301366466872759,0.0285207597457058,0.0273159049742349,0.0261359154430325,0.0248006918992951,0.0235199444737866,0.0226475892268603,0.0222873546892384,-1,-1,-1,-1,-1,-1
145,1,-1,-1,-1,-1,-1,-1,-1,-1,-1,-1,-1,-1,-1,-1,-1,-1,-1,-1,-1,-1,-1,-1,-1,-1,-1,-1
146,1,-1,-1,-1,-1,-1,-1,-1,-1,-1,-1,-1,-1,-1,-1,-1,-1,-1,-1,-1,-1,-1,-1,-1,-1,-1,-1
173,1,0.0239143591749018,0.0239143591749018,0.0239143591749023,0.0239143591749018,0.0239143591749018,-0.00931522840827093,-0.00931522840827093,-0.00931522840827137,-0.00931522840827093,-0.00931522840827093,-1,-1,-1,-1,-1,-1,-1,-1,-1,-1,-1,-1,-1,-1,-1,-1
182,1,0.00979288906198406,0.00721522919222917,0.00592120846878252,0.00673771277529145,0.00893714068571949,0.00995615567510466,0.00749955895107668,0.00195229126876484,-0.00400130846924629,-0.00811420209438118,-0.0101360365659318,-0.0106447711187005,-0.0096014540754803,-0.00702959248428048,-0.00443633631200591,-0.00412479901983875,-0.00671099172910772,-0.0101048606273677,-0.0114959664399263,-0.0100128002028352,-0.00708124322414161,-0.00456325532617541,-0.00312685539781654,-0.00234195230114675,-0.00173029299207883,-0.00131829042657738
35,1,-0.00735971131520419,-1,-1,-1,-1,-1,-1,-1,-1,-1,-1,-1,-1,-1,-1,-1,-1,-1,-1,-1,-1,-1,-1,-1,-1,-1
36,1,-0.0342860054617584,-1,-1,-1,-1,-1,-1,-1,-1,-1,-1,-1,-1,-1,-1,-1,-1,-1,-1,-1,-1,-1,-1,-1,-1,-1
105,1,0.0051546933893398,-0.000163474815308103,-0.00471811403381216,-0.00832697568185534,-0.0122353919460581,-0.0164001765748156,-0.0191663464467772,-1,-1,-1,-1,-1,-1,-1,-1,-1,-1,-1,-1,-1,-1,-1,-1,-1,-1,-1
106,1,-0.0210430544800901,-0.0210430544803659,-0.0210430544804706,-0.021043054480338,-0.021043054479996,-0.021043054479602,-0.0210430544793564,-1,-1,-1,-1,-1,-1,-1,-1,-1,-1,-1,-1,-1,-1,-1,-1,-1,-1,-1
109,1,-0.0234718631763615,-0.0189639567955707,-0.0145532332052031,-0.011001496056431,-0.0087599642030608,-0.00774540319451095,-0.00747372833068066,-1,-1,-1,-1,-1,-1,-1,-1,-1,-1,-1,-1,-1,-1,-1,-1,-1,-1,-1
110,1,-0.0156238219579472,-0.0206343295042719,-0.023597317927724,-0.0236514946131124,-0.0209426013369528,-0.017158405530523,-0.0146310760593139,-1,-1,-1,-1,-1,-1,-1,-1,-1,-1,-1,-1,-1,-1,-1,-1,-1,-1,-1
113,1,0.0127625134201615,0.0120427250397913,0.0117576364006136,-1,-1,-1,-1,-1,-1,-1,-1,-1,-1,-1,-1,-1,-1,-1,-1,-1,-1,-1,-1,-1,-1,-1
108,1,-0.00411362774623272,-0.00379642904887106,-0.00359023996357985,-0.00347729038234407,-0.00341499235553994,-0.00337439257491159,-0.00335193392492958,-1,-1,-1,-1,-1,-1,-1,-1,-1,-1,-1,-1,-1,-1,-1,-1,-1,-1,-1
111,1,-0.012080612258513,-0.0100120098371074,-0.00732927281433694,-0.00442478373121111,-0.00181241224186225,4.25243225544436e-05,0.000923508152095881,-1,-1,-1,-1,-1,-1,-1,-1,-1,-1,-1,-1,-1,-1,-1,-1,-1,-1,-1
107,1,-0.128442592023933,-0.124130746641466,0.158407336380684,0.00684158669950313,0.00684158669950302,0.0320294728762346,0.0628335182755844,-1,-1,-1,-1,-1,-1,-1,-1,-1,-1,-1,-1,-1,-1,-1,-1,-1,-1,-1
112,1,0.0301294855614555,0.0327989595024411,0.032723146804537,0.022832000389596,0.00189712072107982,-0.0221307309428754,-0.0373703873501958,-1,-1,-1,-1,-1,-1,-1,-1,-1,-1,-1,-1,-1,-1,-1,-1,-1,-1,-1
151,1,0.00444995726758673,0.00405830471985436,0.00363964573627495,0.00321112865340301,0.00272722612864645,0.00211251407283652,0.00133958090246178,0.000458615298748855,-0.000457791419700759,-0.00137377795836685,-0.00226752641064654,-0.00306741619725481,-0.0036602988142323,-0.00398550094764061,-0.0040969909086559,-1,-1,-1,-1,-1,-1,-1,-1,-1,-1,-1
88,1,0.0241491388043424,-0.0371427363664802,-0.0781279068337311,-0.0719231258489594,-0.00643041944274847,0.082613133693604,0.128818376100575,0.0967069877104048,0.0172587277444778,-0.0455490437330217,-0.0556347571947327,-0.0244856362047863,0.0186886153406702,0.0570376091956437,0.0853044562261429,0.0985591732812918,0.0959521560444787,0.0882746382081145,-1,-1,-1,-1,-1,-1,-1,-1
90,1,-0.0937951786090723,-0.0933332846330652,-0.0927068251881813,-0.091910525071627,-0.0909248712100532,-0.0897589404435331,-0.0884487622839902,-0.0869963854389302,-0.085309796501555,-0.0832200025668324,-0.0805884813718758,-0.0774316423004118,-0.0739942657043304,-0.0706835646647055,-0.0678719248541628,-0.0656478284338631,-0.06404539167732,-0.0629606940292882,-0.0622195970740154,-0.0617834887089721,-0.0616233907982551,-1,-1,-1,-1,-1
89,1,-0.0886365694509959,-0.0886365694509833,-0.0886365694509602,-0.0886365694509219,-0.0886365694508654,-0.0886365694507895,-0.0886365694506928,-0.0886365694505838,-0.0886365694504829,-0.08863656945042,-0.0886365694504138,-0.0886365694504569,-0.0886365694505206,-0.0886365694505802,-0.0886365694506308,-0.08863656945068,-0.0886365694507265,-0.0886365694507553,-1,-1,-1,-1,-1,-1,-1,-1
99,1,0.0942555262668057,0.0936615053298051,0.0928758901046516,0.0917033301714412,0.0892482469294738,0.0848809286020553,0.0786929176589517,0.071291551129546,0.0633448346120113,0.055317419271161,0.0474934822306849,0.0400386466073481,0.0334861692076731,0.0282596354845182,0.0243737059769895,0.0216496061227875,0.0193663197351435,0.0171544182783063,0.0152812318402948,0.0138318791581935,0.0129066410937124,-1,-1,-1,-1,-1
87,1,-0.129694183061032,-0.131777280960955,-0.134357121033036,-0.137098330715061,-0.138569511634026,-0.138215435716123,-0.136582063112502,-0.133825695393129,-0.128219363978717,-0.116308097979116,-0.0950590092543186,-0.0644237549743623,-0.027542334382828,0.0103814049051905,0.0448620921073632,0.0749186333472931,0.100199218124054,0.12063111353644,0.135864458933682,0.145804454518329,0.150558884297139,-1,-1,-1,-1,-1
102,1,0.0243354736407559,0.0243354736407575,0.0243354736407577,0.0243354736407537,0.0243354736407442,0.0243354736407295,0.024335473640712,0.0243354736406953,0.0243354736406756,0.0243354736406531,0.024335473640628,0.0243354736406058,0.0243354736406021,0.0243354736406263,0.0243354736406785,0.0243354736407511,0.0243354736408221,0.0243354736408739,0.0243354736409067,0.0243354736409217,0.0243354736409226,-1,-1,-1,-1,-1
103,1,-0.0537544326074735,-0.0533342437553539,-0.0526368865086462,-0.0516652952362666,-0.0504501662049592,-0.0490934388897728,-0.0477139750819267,-0.0463423067140398,-0.0448577898728617,-0.0430378964794405,-0.0407047887251955,-0.0378686482057218,-0.0347761430255635,-0.0318165405187418,-0.0293223797652438,-0.027362140064664,-0.0259274615538929,-0.0249168522687446,-0.0242068981083765,-0.0237716418670932,-0.0235920602787452,-1,-1,-1,-1,-1
104,1,-0.0635648780034828,-0.0631875814621921,-0.0626034433053144,-0.0617662852558656,-0.0604889922029492,-0.0587589757272233,-0.0567913393515396,-0.0548004057774574,-0.0527274120086711,-0.0501828216679125,-0.0467276887756001,-0.0423030987689055,-0.0371340691608053,-0.03173807127018,-0.0266400333884105,-0.02198375889005,-0.0179321163383102,-0.0146186614159858,-0.0121585207727355,-0.0105759005795769,-0.00984206405200538,-1,-1,-1,-1,-1
67,1,-1,-0.1154015902913,-0.115401590291861,-0.115401590292794,-0.115401590293716,-0.115401590294332,-0.115401590294603,-0.115401590294668,-1,-1,-1,-1,-1,-1,-1,-1,-1,-1,-1,-1,-1,-1,-1,-1,-1,-1
580,1,-1,-1,-1,-1,-1,-1,-1,-1,-1,-1,-1,0.141989577424094,0.141989577424094,0.141989577424094,-0.0871464575467229,-0.0871464575467229,-0.0871464575467229,-0.0871464575467231,-0.0871464575467229,-0.0871464575467229,0.425968732272281,-0.660051938305649,-1.06694678963061,-1,-1,-1
