Species,1990,1991,1992,1993,1994,1995,1996,1997,1998,1999,2000,2001,2002,2003,2004,2005,2006,2007,2008,2009,2010,2011,2012,2013,2014,2015,2016,2017,2018
Alosa_pseudoharengus,1,NA,NA,NA,NA,NA,NA,NA,NA,NA,NA,NA,NA,NA,NA,NA,NA,NA,NA,NA,NA,NA,NA,NA,NA,NA,NA,NA,NA
Coregonus_clupeaformis,1,NA,NA,NA,NA,NA,NA,NA,NA,NA,NA,NA,NA,NA,NA,NA,NA,NA,NA,NA,NA,NA,NA,NA,NA,NA,NA,NA,NA
Perca_flavescens,1,-0.0589626961663712,-0.0482680037918725,-0.0454668891140312,-0.00376101238589049,0.00322053689709473,0.0075135742087446,0.0101018436498158,0.0129302906470333,0.0165009819942309,0.0198623641751017,0.0218706676794523,0.0221371380295355,0.021469434104303,0.0214612314393995,0.022726892960842,0.041549375595167,0.0355955895958193,0.0202974817329407,-0.00151712266438109,-0.0286546992949934,-0.064629739956805,-0.109580839060251,-0.151798890829598,-0.174882559815426,-0.175562388424647,-0.168340419465949,NA,NA
Myodes_gapperi,1,0.236126124569255,0.228405045820034,0.14354640938007,0.0501917672029593,-0.000905054158131691,NA,NA,NA,NA,NA,NA,0.332361908821618,0.296830272001778,0.222503421591976,0.115147741058806,-0.01059182587188,-0.133179620020669,-0.227970836023163,-0.276745392328841,NA,NA,NA,NA,NA,NA,NA,NA,NA
Sorex_cinereus,1,0.00620146137092067,0.00627174685470122,0.00636721210937254,0.00648621041986361,0.00657227462695271,NA,NA,NA,NA,NA,NA,NA,NA,NA,NA,NA,NA,NA,NA,NA,NA,NA,NA,NA,NA,NA,NA,NA
Napaeozapus_insignis,1,0.177832279910797,0.186400393739427,0.186559954651766,0.184182597394253,0.182752254860056,NA,NA,NA,NA,NA,NA,NA,NA,NA,NA,NA,NA,NA,NA,NA,NA,NA,NA,NA,NA,NA,NA,NA
Tamias_striatus,1,0.028739338120136,0.0344675358173654,0.0402422925013721,0.0446971360412913,0.0466723244984923,NA,NA,NA,NA,NA,NA,NA,NA,NA,NA,NA,NA,NA,NA,NA,NA,NA,NA,NA,NA,NA,NA,NA
Blarina_brevicauda,1,-0.0164105497443646,-0.0274167270802732,-0.0352686310952063,-0.0405126071367365,-0.0430531621837014,-0.0044205659948745,-0.00442056599492147,-0.00442056599496077,-0.0044205659949843,NA,NA,NA,NA,NA,NA,NA,NA,NA,NA,NA,NA,NA,NA,NA,NA,NA,NA,NA
Rangifer_tarandus,1,-0.00462255895481162,-0.00568049432393297,-0.00517854037272392,-0.0042297152469189,-0.00542660744062679,-0.00923394610920669,-0.0136114927408334,-0.0119153413038084,-0.0151732049228871,-0.017173528630955,-0.0172448164616791,-0.0168744220831716,-0.0191903435182782,-0.0238199832446444,-0.0256721385110823,-0.0212272218077921,-0.0133023741141958,-0.00707047107470204,-0.0172902872398084,-0.0148193992485841,-0.0140853520128355,-0.0163161429078076,-0.0196385032431383,-0.00908043414871607,-0.0117309496138844,-0.0134874031275309,NA,NA
Halichoerus_grypus,1,0.0522259609721578,0.052487927726439,0.052611686514493,0.0524870735118999,0.0520963795385398,0.0513487199085221,0.0499001994559167,0.0473456303575341,0.0436949966362725,0.0395354150518843,0.0356335563997918,0.0324656158936758,0.0301366466872759,0.0285207597457058,0.0273159049742349,0.0261359154430325,0.0248006918992951,0.0235199444737866,0.0226475892268603,0.0222873546892384,NA,NA,NA,NA,NA,NA,NA,NA
Alosa_sapidissima,1,0.0757835069312816,-0.0192513953462475,-0.116232626412105,-0.0875306486081884,0.0181128773730442,0.0789665984054489,0.0742330994769684,0.067825169169663,0.0750222258906442,0.0497886597914938,0.0247825649887545,-0.0581081209452954,-0.0995229499596881,-0.253405544554813,-0.567434588716039,-0.832311730639775,NA,NA,NA,NA,NA,NA,NA,NA,NA,NA,NA,NA
Salmo_salar,1,0.0331835113811745,-0.194239819077381,-0.364253525910359,-0.286099670219078,-0.0272321259719241,0.203493486718773,0.24977613329795,0.128853204129166,-0.0205789126145639,-0.0832005106144362,-0.0534438755677058,-0.00190547584073419,0.012024450512151,-0.0148352320288623,-0.0510352518865522,-0.0715400679311857,NA,NA,NA,NA,NA,NA,NA,NA,NA,NA,NA,NA
Sterna_dougallii,1,0.0416569875939943,0.0323762630905655,-0.00635553594241456,-0.0522345337457089,-0.0816231794965956,-0.0915345184507608,-0.0928485296482973,-0.0933109850195726,NA,NA,NA,NA,NA,NA,NA,NA,NA,NA,NA,NA,NA,NA,NA,NA,NA,NA,NA,NA
Sterna_paradisaea,1,0.01178272288728,-0.00904946561130249,0.00121453099619639,0.0290883662095487,0.0226699666239663,-0.0436211049847586,-0.137553924144039,-0.200442321375768,NA,NA,NA,NA,NA,NA,NA,NA,NA,NA,NA,NA,NA,NA,NA,NA,NA,NA,NA,NA
Plethodon_cinereus,1,NA,NA,NA,NA,NA,-0.101813038189679,-0.101813038189679,-0.101813038189679,0.373012140042698,0.0798065801828837,0.117851271359673,-0.0658894683977133,NA,NA,0.0296666949484619,0.0300051076469259,-0.0785469651202757,0.0691234832121034,0.153566095197838,0.0209507833047349,0.0231929686123329,0.0467702226263042,0.0422460031578277,0.0376718263887119,0.0403225336117005,NA,NA,NA
Phocoena_phocoena,1,NA,NA,NA,NA,NA,NA,NA,NA,NA,NA,NA,NA,NA,NA,NA,NA,NA,NA,NA,NA,NA,NA,NA,NA,NA,NA,NA,NA
Sander_vitreus,1,0.0336441247620594,0.0270085098205113,-0.00578081141772196,-0.0322665802961066,-0.00538025774916429,-0.0306518342945329,-0.0441585019768652,-0.0463023072806609,-0.0403379636256226,-0.028560287727858,-0.012067461364398,0.00584655118587404,0.0190686348304545,0.0235510573458463,0.0214692040158384,0.0183671481744876,0.0166672270780936,0.0138011544098019,0.00634648216974626,-0.00609840623313163,-0.0212553940899325,-0.0360745081845876,-0.0473962758495158,-0.0528330289918763,-0.0529097813691541,-0.0513015956167347,NA,NA
Alces_americanus,1,0.0168536241184429,0.0155647941835655,0.0149177838218424,0.0153260359750966,0.0164257499303107,0.000320463633416868,-0.000907834728597123,-0.00368146856975327,-0.00665826843875861,-0.00871471525132606,-0.0101360365659318,-0.0106447711187005,-0.0096014540754803,-0.00702959248428048,-0.00443633631200591,-0.00412479901983875,-0.00671099172910772,-0.0101048606273677,-0.0114959664399263,-0.0100128002028352,-0.00708124322414161,-0.00456325532617541,-0.00312685539781654,-0.00234195230114675,-0.00173029299207883,-0.00131829042657738,NA,NA
Peromyscus_maniculatus,1,-0.00735971131520419,NA,NA,NA,NA,NA,NA,NA,NA,NA,NA,NA,NA,NA,NA,NA,NA,NA,NA,NA,NA,NA,NA,NA,NA,NA,NA,NA
Tamiasciurus_hudsonicus,1,-0.0342860054617584,NA,NA,NA,NA,NA,NA,NA,NA,NA,NA,NA,NA,NA,NA,NA,NA,NA,NA,NA,NA,NA,NA,NA,NA,NA,NA,NA
Pollachius_virens,1,-0.221798540318921,-0.191347054064471,-0.140197427557235,-0.085044067018258,-0.0509278374833479,NA,0.0483520353900844,0.0483520353900914,0.0483520353900803,0.0483520353900287,0.0483520353899458,0.0483520353898637,0.048352035389809,0.0483520353897932,0.0483520353898212,0.0483520353899052,0.0483520353900477,0.0483520353902285,0.0483520353904069,0.0483520353905497,0.0483520353906457,0.0483520353907016,0.0483520353907261,NA,NA,NA,NA,NA
Desmognathus_ochrophaeus,1,NA,NA,NA,NA,NA,NA,NA,NA,NA,NA,NA,NA,NA,NA,NA,NA,NA,NA,NA,NA,NA,NA,NA,NA,NA,NA,NA,NA
Lithobates_sylvaticus,1,NA,NA,NA,NA,NA,NA,NA,NA,NA,NA,NA,NA,NA,NA,NA,NA,NA,NA,NA,NA,NA,NA,NA,NA,NA,NA,NA,NA
Ambloplites_rupestris,1,-0.0293012557872538,-0.0526526629485087,-0.068325242859003,-0.0737084433048817,-0.0697531297764066,-0.059821189729541,-0.0497288988763264,-0.0456987356929494,-0.0480696269972493,-0.0473832810858961,-0.0318874014026934,-0.0021866382956629,0.0248792735352951,0.0319215261749071,0.0195515997084513,0.00405062121273009,-0.00372497147422401,-0.0103681917349319,-0.0269131769149495,-0.0496922420087648,-0.0624029052108712,-0.0562825306262812,-0.0401618475585679,-0.028147618774048,-0.0242456115077575,NA,NA,NA
Ameiurus_nebulosus,1,-0.07173062794393,-0.0772635095527877,-0.078996991720109,-0.0745540694924748,-0.0636180301313143,-0.0488167780041823,-0.0331837459952334,-0.0172090183704345,-0.000432582316440611,0.0165141155481181,0.0316843222150324,0.043787780556075,0.0530785408152049,0.0600828707039091,0.0646433082594124,0.0663854658657346,0.0650070620270113,0.0600341370550895,0.0516330092072818,0.0418983028176963,0.0337656390149308,0.0279913667415426,0.0227458408543714,0.0171201387773257,0.0131972954788132,NA,NA,NA
Aplodinotus_grunniens,1,-0.00595391853217619,-0.00605267960662864,-0.00615955912206523,-0.00627294080314406,-0.00638804131306814,-0.00649849246738854,-0.00660034357276323,-0.00669329649135891,-0.00677789008503116,-0.006852975905696,-0.00691704612579069,-0.00697105023263023,-0.00701810454901275,-0.00706016399626885,-0.00709618768271714,-0.00712405426227924,-0.00714317284477684,-0.00715429657763844,-0.00715766176811539,-0.00715301660661605,-0.00714190719801555,-0.00712878888745583,-0.00711872796260415,-0.00711390026052006,-0.0071127540286704,NA,NA,NA
Catostomus_commersonii,1,-0.0186486098079783,-0.0186486098079549,-0.0186486098079346,-0.0186486098079216,-0.0186486098079186,-0.0186486098079256,-0.0186486098079402,-0.0186486098079579,-0.0186486098079736,-0.0186486098079835,-0.0186486098079899,-0.0186486098079997,-0.0186486098080191,-0.0186486098080478,-0.0186486098080823,-0.0186486098081202,-0.0186486098081615,-0.0186486098082056,-0.0186486098082491,-0.0186486098082892,-0.0186486098083244,-0.0186486098083526,-0.0186486098083707,-0.0186486098083778,-0.0186486098083787,NA,NA,NA
Cyprinus_carpio,1,-0.0224081106801335,-0.022408110680209,-0.0224081106802811,-0.0224081106803452,-0.0224081106803992,-0.0224081106804419,-0.0224081106804779,-0.0224081106805081,-0.0224081106805312,-0.022408110680543,-0.0224081106805433,-0.0224081106805341,-0.0224081106805185,-0.0224081106804959,-0.0224081106804697,-0.0224081106804419,-0.0224081106804086,-0.0224081106803717,-0.0224081106803289,-0.0224081106802865,-0.0224081106802463,-0.0224081106802136,-0.0224081106801937,-0.0224081106801839,-0.0224081106801819,NA,NA,NA
Dorosoma_cepedianum,1,0.0955883331300386,-0.293763542183281,-0.56275047344914,-0.509636152103408,-0.22811564643577,0.00832852085605995,0.135685399455855,0.153954989363729,0.0803386448918599,-0.00555653909186793,-0.0489468026126376,-0.0615276873066606,-0.0526251469114101,-0.0370457771196118,-0.0184912268548489,0.0030385038822347,0.0275434150931246,0.0550235067766203,0.0854787789328648,0.123140863203408,0.184936286151349,0.254916326692944,0.249850777142469,0.15884767707642,0.0723564774386124,NA,NA,NA
Esox_lucius,1,0.277793855526764,0.0979092837223721,-0.122609745362113,-0.141047647107017,-0.0210218119506169,0.0433986626762666,0.0261640226408313,0.0258930253281078,0.0546748411962676,0.0572619957655471,0.0654800830992703,0.137025832496193,0.176900637448489,0.0383933690698273,-0.182156018112611,-0.19414804458118,0.0456812115184151,0.181120597768951,-0.0512526081712247,-0.369105567479096,-0.293046087268053,0.129194922466032,0.322333378105598,-0.00739314291455195,-0.438459708572424,NA,NA,NA
Ictalurus_punctatus,1,-0.0198304810223601,-0.0201589798819265,-0.0204655999814848,-0.0207376843154,-0.0209736759548134,-0.0211813906347026,-0.021370447748001,-0.0215440601443804,-0.0216954838924312,-0.0218119543870702,-0.0218848994323147,-0.021919464551884,-0.0219338902285575,-0.021946997612572,-0.0219653019153784,-0.0219835487482249,-0.021997342511646,-0.0220115823648018,-0.0220342136921069,-0.022064637730985,-0.0220929235682501,-0.0221105344580024,-0.0221179918128472,-0.0221209016624926,-0.0221224027278339,NA,NA,NA
Micropterus_dolomieu,1,-0.0184419310494675,-0.0794637890223673,-0.133970080786003,-0.16675146291951,-0.143823983328662,-0.0604929147029484,0.0243154326093377,0.0346154299744226,-0.0373606248066027,-0.114358906446837,-0.113731609234869,-0.0310039044375853,0.0660703100316842,0.113233489073367,0.101673938660922,0.0619046031357096,0.0220993626946491,-0.00665642279636181,-0.0210637399414327,-0.0224031543136387,-0.0213116723919503,-0.0304861130024053,-0.0480092796507406,-0.0576539541798016,-0.0509134913396883,-0.039702523355953,NA,NA
Morone_americana,1,-0.157636270283062,-0.0756383709252579,-0.0315875031458775,-0.0702661485917541,-0.12746447697148,-0.11536885801169,-0.0306793391306343,0.0501214297026043,0.0720788352472567,0.0607232533787739,0.0331986811430875,0.0450784580728059,0.0562970695680128,0.0661459056565802,-0.201686976467563,0.0396618165335252,0.041278288052306,0.040657713435272,0.344687817180765,0.339445319982885,0.055148801474362,0.0513016053750162,0.0501258605900016,0.048754833313045,0.0472830721715368,NA,NA,NA
Moxostoma_anisurum,1,-0.11997531707675,-0.0871501757189003,-0.176091259055681,-0.176091259055681,0.176091259055681,-0.778151250383644,0.812913356642856,-0.0347621062592121,NA,NA,-0.380211241711606,0.531478917042255,NA,NA,-0.104735350520013,-1,0,0.602059991327962,-0.0579919469776866,-0.243038048686294,0.0880456295278405,0.0880456295278407,0,NA,NA,NA,NA,NA
Lepomis_gibbosus,1,-0.0865938295084051,-0.097496859526613,-0.0947283620450593,-0.0746378624693732,-0.0380014548566491,0.00842709442160872,0.0530599878974409,0.0846541007368966,0.0984861191176256,0.0975313141884551,0.0873199793090409,0.0705824984189953,0.0473446702064678,0.0183726180872946,-0.0134417998954863,-0.0441176903561059,-0.0689540670268473,-0.0830074056634309,-0.0847813211468057,-0.0803339810920508,-0.0806069560152098,-0.092124346982321,-0.111154569582523,-0.128155240192762,-0.136758600003113,NA,NA,NA
Noturus_flavus,1,0,0.034080089622833,0.034080089622833,0.034080089622833,0.034080089622833,0.034080089622833,0.034080089622833,0.0340800896228328,0.034080089622833,0.034080089622833,0.034080089622833,0.034080089622833,0.034080089622833,0.034080089622833,0.034080089622833,-0.477121254719662,0.0752574989159953,0.0752574989159953,0.0752574989159953,0.0752574989159953,-0.301029995663981,0,NA,NA,NA,NA,NA,NA
Morone_chrysops,1,NA,NA,-0.349485002168009,0.0602059991327963,0.0602059991327961,0.0602059991327961,0.0602059991327963,0.0602059991327963,NA,NA,NA,0.367976785294594,-0.104735350520013,0,0.237360915794604,-0.400816173116583,-0.214906073302713,0.320005403734866,-0.00561781727545839,-0.00561781727545829,-0.161435233521364,-0.339168181664535,0.103165816373186,0.103165816373186,-0.0558166349143814,NA,NA,NA
Carpiodes_cyprinus,1,0.301029995663981,-0.15051499783199,-0.150514997831991,0,0,0,0,0,0.0200686663775986,0.0200686663775986,0.0200686663775989,0.0200686663775989,0.0200686663775986,0.0200686663775989,0.0200686663775986,0.0200686663775989,0.0200686663775986,0.0200686663775986,0.0200686663775989,0.0200686663775989,0.0200686663775986,0.0200686663775989,0.0200686663775986,-0.602059991327962,0,NA,NA,NA
Pomoxis_nigromaculatus,1,0.00212477926432131,0.00212477926424759,0.00212477926417143,0.00212477926409371,0.00212477926401844,0.00212477926394694,0.00212477926388077,0.00212477926381616,0.00212477926375532,0.00212477926368648,0.00212477926360854,0.00212477926352372,0.00212477926342935,0.00212477926333321,0.00212477926323684,0.00212477926314003,0.00212477926305032,0.00212477926296351,0.00212477926288335,0.00212477926281496,0.00212477926276189,0.00212477926272525,0.00212477926270482,0.00212477926269683,NA,NA,NA,NA
Notemigonus_crysoleucas,1,NA,NA,NA,NA,NA,NA,NA,NA,NA,NA,NA,0.0895351737112899,0.0895351737115146,0.0895351737119445,0.0895351737125152,0.0895351737131675,0.0895351737138874,0.0895351737146561,0.0895351737153884,0.0895351737159609,0.0895351737162966,0.0895351737164214,0.089535173716436,NA,NA,NA,NA,NA
Menidia_menidia,1,0.0588138290515854,0.0511397478472415,0.0415279192058162,0.0307328440987433,0.0200865663114362,0.0107042369451231,0.00317197546661285,-0.00230224689853942,-0.00569085397750402,-0.00717825369313574,NA,NA,NA,NA,-0.123354224107008,0.152328154896753,-0.0743194250118,0.0931888755895589,-0.184109901690434,0.102201889427975,NA,NA,NA,NA,NA,NA,NA,NA
Alosa_aestivalis,1,-0.025246219288667,-0.0400957025226358,-0.0544782521384235,-0.0683065786666021,-0.080430485618709,-0.0902736071323967,-0.0989165453530539,-0.107683807869294,-0.115808618722855,-0.120670872825809,NA,NA,NA,NA,NA,NA,NA,NA,NA,NA,NA,NA,NA,NA,NA,NA,NA,NA
Chelydra_serpentina,1,0.022725944975984,0.00642385651351995,-0.0322780994024803,-0.0403720855677165,-0.0121681192296361,0.00810245053091441,-0.00555653573965098,-0.0254315991547949,-0.0164228499663122,0.011793765910092,0.0240906842421758,0.0127313639433291,0.000886218494914548,0.001102574554388,0.00112529127395811,-0.00636477525652168,-0.00806193186647874,0.00495299182971731,0.0187478297686201,0.0184153022465166,0.0117544022239451,0.0139072254531711,0.0215739500291918,NA,NA,NA,NA,NA
Lepisosteus_osseus,1,0.259383750127881,0.259383750127881,0.259383750127881,-0.137173193025312,-0.414346016228765,-0.414346016228765,-0.414346016228765,0,0.602059991327962,-0.301029995663981,-0.301029995663981,0.159040418239887,0.159040418239887,0.159040418239887,0.45229767099463,-0.151267675330649,-0.176091259055681,NA,NA,0.552841968657781,-0.0826695738934462,-1,1,0.281724840468594,0.182622126214639,NA,NA,NA
Acipenser_fulvescens,1,0,0,0,0,0,0,0,0.477121254719662,-0.176091259055681,NA,NA,0.150514997831991,0.150514997831991,-0.301029995663981,0,0.653212513775344,NA,NA,-0.032303337669352,-0.0323033376693522,-0.602059991327962,0,0,0.2491552768948,0.2491552768948,NA,NA,NA
Percopsis_omiscomaycus,1,-0.0323033376693522,NA,NA,NA,NA,NA,NA,NA,NA,NA,NA,NA,NA,NA,NA,NA,NA,NA,NA,NA,NA,NA,NA,NA,NA,NA,NA,NA
Canis_lupus,1,-0.0174143199191245,-0.0171002573978588,0.0142285430178564,-0.0052814384820241,-0.00743371364286087,-0.00697252076230618,-0.00490993752044663,NA,NA,NA,NA,NA,NA,NA,NA,NA,NA,NA,NA,NA,NA,NA,NA,NA,NA,NA,NA,NA
Odocoileus_virginianus,1,0.00444995726758673,0.00405830471985436,0.00363964573627495,0.00321112865340301,0.00272722612864645,0.00211251407283652,0.00133958090246178,0.000458615298748855,-0.000457791419700759,-0.00137377795836685,-0.00226752641064654,-0.00306741619725481,-0.0036602988142323,-0.00398550094764061,-0.0040969909086559,NA,NA,NA,NA,NA,NA,NA,NA,NA,NA,NA,NA,NA
Ambystoma_maculatum,1,0.338960249573275,NA,NA,NA,NA,NA,NA,NA,NA,NA,NA,NA,NA,NA,NA,NA,NA,NA,NA,NA,NA,NA,NA,NA,NA,NA,NA,NA
Lithobates_catesbeianus,1,-0.0139761423852491,-0.171658428610731,0.208882780022073,NA,NA,NA,NA,NA,NA,NA,NA,NA,NA,NA,NA,NA,NA,NA,NA,NA,NA,NA,NA,NA,NA,NA,NA,NA
Salmo_trutta,1,0.00554121032233734,0.00190437578670855,-0.001924884463683,-0.00509466185525209,-0.00735177853068025,-0.00883669585523084,-0.00967448443102237,-0.00986538032352957,-0.00941515442718588,-0.00828263111203809,-0.00613512322932763,-0.0024606064076047,0.00272095050583587,0.00826972656234526,0.0124180076168603,0.0141534725938959,0.0140708004941139,0.0136663537313257,0.0138236066446922,0.014222725575098,NA,NA,NA,NA,NA,NA,NA,NA
Emydoidea_blandingii,1,0.0540669697282736,0.0543352832477692,0.0535923515173659,0.0510892621529994,0.0471023225259388,0.0423080165279461,0.0371516516986228,0.0319128978666641,0.0268963490061533,0.0221691702319491,0.0177567751932897,0.0137686806657604,0.0102831406779638,0.007424980677464,0.00534329170537817,0.00404347282660322,0.00336590261171166,0.00319801076668691,0.00360624249522212,0.00465428990398475,0.0061543369533581,0.00772780820592378,0.00910575497950106,0.0102561309395091,0.0112061913032464,0.0118812718904155,0.0122084197720167,0.0122829526484052
Megaptera_novaeangliae,1,-0.0348230199023649,-0.0652380104997727,-0.0854173660109562,-0.0819168254602932,-0.0486776453264008,-0.00357290337496452,0.0201848069082922,0.00485530113573729,-0.0340255343785386,-0.064384523149927,-0.0681116192833042,-0.050958639252599,-0.0276528251818301,-0.00682297773453089,0.00871626568599004,0.0164556724237144,0.0159533821835793,0.0126569720894132,-0.0622195970740154,-0.0617834887089721,-0.0616233907982551,NA,NA,NA,NA,NA,NA,NA
Balaenoptera_musculus,1,0.00280947840790491,0.0025124679394109,0.00211966032684568,0.00153338036025963,0.000305838739304176,-0.0018778204243671,-0.00497182589587056,-0.00867250916051893,-0.0126458674192358,-0.0166595750896295,-0.0205715436098644,-0.0242989614215544,-0.0275752001214238,-0.030188466983031,-0.0321314317368207,-0.0334934816639463,-0.0346351248577915,-0.0357410755862245,0.0152812318402948,0.0138318791581935,0.0129066410937124,NA,NA,NA,NA,NA,NA,NA
Balaenoptera_physalus,1,-0.129694183061032,-0.131777280960955,-0.134357121033036,-0.137098330715061,-0.138569511634026,-0.138215435716123,-0.136582063112502,-0.133825695393129,-0.128219363978717,-0.116308097979116,-0.0950590092543186,-0.0644237549743623,-0.027542334382828,0.0103814049051905,0.0448620921073632,0.0749186333472931,0.100199218124054,0.12063111353644,0.135864458933682,0.145804454518329,0.150558884297139,NA,NA,NA,NA,NA,NA,NA
Globicephala_melas,1,0.0243354736407559,0.0243354736407575,0.0243354736407577,0.0243354736407537,0.0243354736407442,0.0243354736407295,0.024335473640712,0.0243354736406953,0.0243354736406756,0.0243354736406531,0.024335473640628,0.0243354736406058,0.0243354736406021,0.0243354736406263,0.0243354736406785,0.0243354736407511,0.0243354736408221,0.0243354736408739,0.0243354736409067,0.0243354736409217,0.0243354736409226,NA,NA,NA,NA,NA,NA,NA
Lagenorhynchus_acutus,1,-0.0537544326074735,-0.0533342437553539,-0.0526368865086462,-0.0516652952362666,-0.0504501662049592,-0.0490934388897728,-0.0477139750819267,-0.0463423067140398,-0.0448577898728617,-0.0430378964794405,-0.0407047887251955,-0.0378686482057218,-0.0347761430255635,-0.0318165405187418,-0.0293223797652438,-0.027362140064664,-0.0259274615538929,-0.0249168522687446,-0.0242068981083765,-0.0237716418670932,-0.0235920602787452,NA,NA,NA,NA,NA,NA,NA
Delphinus_delphis,1,-0.0635648780034828,-0.0631875814621921,-0.0626034433053144,-0.0617662852558656,-0.0604889922029492,-0.0587589757272233,-0.0567913393515396,-0.0548004057774574,-0.0527274120086711,-0.0501828216679125,-0.0467276887756001,-0.0423030987689055,-0.0371340691608053,-0.03173807127018,-0.0266400333884105,-0.02198375889005,-0.0179321163383102,-0.0146186614159858,-0.0121585207727355,-0.0105759005795769,-0.00984206405200538,NA,NA,NA,NA,NA,NA,NA
Esox_masquinongy,1,0.140258545991917,0.140258545991759,0.140258545991292,0.140258545990671,0.140258545990048,0.140258545989437,0.140258545988758,0.140258545987967,0.14025854598711,0.140258545986277,0.140258545985557,0.140258545985039,0.140258545984786,NA,NA,NA,NA,NA,NA,NA,NA,NA,NA,NA,NA,NA,NA,NA
Storeria_dekayi,1,0.0234752199823869,0.0234752199823837,0.0234752199824078,0.023475219982509,0.0234752199827307,0.0234752199830822,0.0234752199835389,0.0234752199840528,0.0234752199845846,0.0234752199851119,0.0234752199856177,0.0234752199860747,0.0234752199864463,0.0234752199867069,0.0234752199868625,0.0234752199869463,0.0234752199869973,0.0234752199870373,0.0234752199870696,0.0234752199870865,NA,NA,NA,NA,NA,NA,NA,NA
Hippoglossus_hippoglossus,1,0.0657409778440536,0.0657409778440652,0.0657409778440807,0.0657409778440861,0.0657409778440685,0.0657409778440288,0.0657409778439844,0.0657409778439513,0.0657409778439326,0.0657409778439229,0.065740977843915,0.06574097784391,0.0657409778439013,0.065740977843883,0.0657409778438486,0.0657409778438022,0.0657409778437521,0.0657409778437021,0.0657409778436586,0.0657409778436266,0.0657409778436068,0.0657409778436003,NA,NA,NA,NA,NA,NA
Clupea_harengus,1,0.132508355595579,0.122000344301033,0.0952240075320638,0.0341327014527772,-0.0347464253094321,-0.0521640826023724,0.00432169202909249,0.0846219965039399,0.112386128702331,0.0612660407400489,-0.0243172072967366,-0.0795093390193038,-0.0733476249337104,-0.0130667675517815,0.0462521485548715,0.0611324475768626,0.0295581096154143,-0.021836464921172,-0.0645057102105095,-0.085116998745236,NA,NA,NA,NA,NA,NA,NA,NA
Phoca_vitulina,1,NA,-0.1154015902913,-0.115401590291861,-0.115401590292794,-0.115401590293716,-0.115401590294332,-0.115401590294603,-0.115401590294668,NA,NA,NA,NA,NA,NA,NA,NA,NA,NA,NA,NA,NA,NA,NA,NA,NA,NA,NA,NA
Cetorhinus_maximus,1,NA,NA,NA,NA,-0.039721618197624,-0.0397216181976592,-0.0397216181977582,-0.03972161819793,-0.0397216181981456,-0.0397216181983689,-0.0397216181985834,-0.0397216181987746,-0.0397216181989131,-0.0397216181989711,-0.0397216181989608,-0.0397216181989266,-0.0397216181988987,-0.0397216181988692,-0.0397216181988201,-0.0397216181987596,-0.0397216181987128,-0.0397216181986923,NA,NA,NA,NA,NA,NA
Pseudacris_triseriata,1,NA,NA,NA,NA,NA,0.0143867537654584,0.00987252918871551,0.00174417479281774,-0.0074043668198468,-0.0149223271329589,-0.0196053529308016,-0.0219481615480235,-0.0233391117064354,-0.0248778646122252,-0.0266291922997223,-0.0278297348012294,NA,NA,NA,NA,NA,NA,NA,NA,NA,NA,NA,NA
Reinhardtius_hippoglossoides,1,NA,NA,NA,NA,NA,NA,NA,-0.070970723561091,-0.0754931490135329,-0.0811039302473038,-0.0824192774242274,-0.0762309113157578,-0.0635905325510384,-0.0476608413084882,-0.0298221368010769,-0.00918670410678812,0.0132477814046301,0.0316263608651224,0.0392645515102323,0.0363181487160427,0.0309682249609429,NA,NA,NA,NA,NA,NA,NA
Macrourus_berglax,1,NA,NA,NA,NA,NA,NA,NA,0.209265885029693,0.120921758935445,0.000913465326624952,-0.0607022649817912,-0.0244180661756754,0.054951322519881,0.080773910172601,0.0172712964970421,-0.0715504293135094,-0.0989388562558089,-0.0580332248273363,-0.0209438411600047,-0.0380325987395818,-0.0757407251979942,NA,NA,NA,NA,NA,NA,NA
Amblyraja_radiata,1,NA,NA,NA,NA,NA,NA,NA,0.167934217678805,0.15431384995576,0.04617748147271,-0.0204222869512304,-0.0432333956099095,0.00820318249782293,0.0650534872332142,0.0433098766029148,-0.0366481102009181,-0.178778442597186,-0.116274026153388,-0.0574523159440012,-0.127293168218317,-0.238239763783803,NA,NA,NA,NA,NA,NA,NA
Micropterus_salmoides,1,NA,NA,NA,NA,NA,NA,NA,NA,0,0,0,0,0,0,0,0,0.0586970863518936,0.0586970863518939,0.0586970863518936,-0.176091259055681,0,0,0,NA,NA,NA,NA,NA
Myoxocephalus_octodecemspinosus,1,NA,NA,NA,NA,NA,NA,NA,NA,NA,-0.0558634665661515,-0.0545515475790928,-0.0514670984716732,-0.0464499515501688,-0.0402235154097665,-0.0345163171081051,-0.0312433476544369,NA,NA,NA,NA,NA,NA,NA,NA,NA,NA,NA,NA
Pseudopleuronectes_americanus,1,NA,NA,NA,NA,NA,NA,NA,NA,NA,-0.303828116366771,-0.232856936911065,-0.114032849541019,0.00537801858733777,0.0880833187090354,-0.128309919699715,-0.217063437208407,-0.0561475730898415,-0.272445387943142,0.325848702788951,0.0559585430254598,NA,NA,NA,NA,NA,NA,NA,NA
Leucoraja_erinacea,1,NA,NA,NA,NA,NA,NA,NA,NA,NA,-0.0652560907601494,-0.00337183719619416,0.125782471158549,0.310734750557335,0.517987901779487,0.695509129057888,0.793557713215054,NA,NA,NA,NA,NA,NA,NA,NA,NA,NA,NA,NA
Zoarces_americanus,1,NA,NA,NA,NA,NA,NA,NA,NA,NA,-0.399886263237646,-0.3718207741709,-0.309083718452483,-0.212030062290158,-0.096010930633503,0.00785911857719968,0.0666800745632126,NA,NA,NA,NA,NA,NA,NA,NA,NA,NA,NA,NA
Amia_calva,1,NA,NA,NA,NA,NA,NA,NA,NA,NA,NA,NA,0.0436401067685097,0.0433676011822441,0.0427944163312877,0.0418425916972305,0.04033932114127,0.095262185191862,0.0938512199143032,0.0950708280790755,0.0937488063989492,-0.0650816884320285,-0.0658336889194177,0.0423166753724421,0.0418653098617971,-0.122435377721028,NA,NA,NA
Moxostoma_macrolepidotum,1,NA,NA,NA,NA,NA,NA,NA,NA,NA,NA,NA,0.705318935443941,0.631218154377233,0.486197287143997,0.30157272015995,0.123485080696844,-0.0102336604408861,-0.0905918934276607,-0.113272605844566,-0.0894683922084514,-0.0453221066558902,-0.00939471475047471,0.0021422732121561,-0.00672303065949686,-0.018310911477172,NA,NA,NA
Moxostoma_valenciennesi,1,NA,NA,NA,NA,NA,NA,NA,NA,NA,NA,NA,0.121765042876283,0.121765042876174,0.121765042876049,0.121765042876028,0.121765042876159,0.121765042876404,0.121765042876735,0.121765042877071,0.121765042877352,0.12176504287754,0.121765042877609,0.121765042877561,0.121765042877451,0.121765042877367,NA,NA,NA
Moxostoma_carinatum,1,NA,NA,NA,NA,NA,NA,NA,NA,NA,NA,NA,0.0105285433960829,0.0105285433959437,0.0105285433955673,0.0105285433948972,0.010528543394015,0.0105285433931004,0.0105285433922406,0.0105285433916309,0.0105285433913431,0.0105285433912587,0.0105285433911859,0.0105285433910196,0.0105285433908155,0.0105285433906992,NA,NA,NA
Urophycis_tenuis,1,NA,NA,NA,NA,NA,NA,NA,NA,NA,NA,NA,-0.698845746801175,-0.275327937905768,0.0871196771999694,-0.0258888306200777,-0.402568867907353,-0.502089296316763,-0.163839777798586,0.24958122710251,0.392845526457978,0.341962379221266,NA,NA,NA,NA,NA,NA,NA
Myotis_lucifugus,1,NA,NA,NA,NA,NA,NA,NA,NA,NA,NA,NA,0.141989577424094,0.141989577424094,0.141989577424094,-0.0871464575467229,-0.0871464575467229,-0.0871464575467229,-0.0871464575467231,-0.0871464575467229,-0.0871464575467229,0.425968732272281,-0.660051938305649,-1,NA,NA,NA,NA,NA
Mallotus_villosus,1,NA,NA,NA,NA,NA,NA,NA,NA,NA,NA,NA,NA,-0.291086584354472,-0.22253221984864,-0.0576349817441972,0.169236940798654,0.34712534572533,0.357525853692055,0.172315861750631,-0.10173268773215,-0.291155886081031,NA,NA,NA,NA,NA,NA,NA
Nezumia_bairdii,1,NA,NA,NA,NA,NA,NA,NA,NA,NA,NA,NA,NA,0.106865895983035,0.0852251161044117,0.0504766018971425,0.0173513835109871,-0.00511433148852092,-0.0183597798432871,-0.0287997463396987,-0.0393841431534101,-0.0468231689885785,NA,NA,NA,NA,NA,NA,NA
Ammodytes_dubius,1,NA,NA,NA,NA,NA,NA,NA,NA,NA,NA,NA,NA,0.51694927419577,0.441175191478297,0.297602709506427,0.125483916389486,-0.0249573938781431,-0.119813544159664,-0.155172370976077,-0.153069420447303,-0.143227023619786,NA,NA,NA,NA,NA,NA,NA
Glyptocephalus_cynoglossus,1,NA,NA,NA,NA,NA,NA,NA,NA,NA,NA,NA,NA,-0.0325373050087574,-0.0325373050094395,-0.0325373050104467,-0.0325373050112314,-0.0325373050115241,-0.0325373050114837,-0.0325373050114517,-0.0325373050115876,-0.0325373050117594,NA,NA,NA,NA,NA,NA,NA
Apeltes_quadracus,1,NA,NA,NA,NA,NA,NA,NA,NA,NA,NA,NA,NA,NA,NA,-0.307334906024799,-0.164024425227877,0.242574866897717,0.148710762936101,-0.139599304705049,-0.234874865015191,NA,NA,NA,NA,NA,NA,NA,NA
Fundulus_diaphanus,1,NA,NA,NA,NA,NA,NA,NA,NA,NA,NA,NA,NA,NA,NA,0.408709726830776,-1,0.655218496472942,0,-0.327859562086612,0.812257817677783,NA,NA,NA,NA,NA,NA,NA,NA
Fundulus_heteroclitus,1,NA,NA,NA,NA,NA,NA,NA,NA,NA,NA,NA,NA,NA,NA,-0.0438673625446989,-0.00560618057310188,0.102617335422198,-0.0119577733577058,-0.148230171788249,0.0991192871773939,NA,NA,NA,NA,NA,NA,NA,NA
Gasterosteus_wheatlandi,1,NA,NA,NA,NA,NA,NA,NA,NA,NA,NA,NA,NA,NA,NA,-0.0564746617840126,-0.38189625353713,0.0755273494881983,0.334217177673944,0.0278085725663647,-0.162652473315709,NA,NA,NA,NA,NA,NA,NA,NA
Microgadus_tomcod,1,NA,NA,NA,NA,NA,NA,NA,NA,NA,NA,NA,NA,NA,NA,0.303004279061885,-0.126753170504362,-0.109833173457566,0.0568109453757657,0.330308345438067,0.332011270927466,NA,NA,NA,NA,NA,NA,NA,NA
Morone_saxatilis,1,NA,NA,NA,NA,NA,NA,NA,NA,NA,NA,NA,NA,NA,NA,0.0454789530577936,0.1159016989283,1,-0.315484088337691,-0.849126357652093,0.161626880382566,NA,NA,NA,NA,NA,NA,NA,NA
Liopsetta_putnami,1,NA,NA,NA,NA,NA,NA,NA,NA,NA,NA,NA,NA,NA,NA,0.107740302829012,-0.344826972670616,0.247645333072089,0.362282806064248,-0.0585736988018969,-0.116873628905694,NA,NA,NA,NA,NA,NA,NA,NA
Pungitius_pungitius,1,NA,NA,NA,NA,NA,NA,NA,NA,NA,NA,NA,NA,NA,NA,-0.162404089608025,-0.178198993647753,0.0651359774741128,0.232173563660386,0.00543037808085817,-0.266972665524055,NA,NA,NA,NA,NA,NA,NA,NA
Salvelinus_fontinalis,1,NA,NA,NA,NA,NA,NA,NA,NA,NA,NA,NA,NA,NA,NA,0.389075625191822,0.301029995663981,-2.77555756156289e-17,-0.389075625191822,0.0880456295278406,0.261439372640169,NA,NA,NA,NA,NA,NA,NA,NA
Syngnathus_fuscus,1,NA,NA,NA,NA,NA,NA,NA,NA,NA,NA,NA,NA,NA,NA,0.0683396422665306,0.495383944483546,0.0617485781868199,0.0436311139428601,-0.314996213427502,0.244200004850025,NA,NA,NA,NA,NA,NA,NA,NA
Carassius_auratus,1,NA,NA,NA,NA,NA,NA,NA,NA,NA,NA,NA,NA,NA,NA,NA,NA,0.229318924512825,0.229318924512825,0.234590731764425,0.234590731764425,-0.244243309362119,-0.244243309362119,-0.0905273392936157,-0.0905273392936157,0.269995761924012,NA,NA,NA
Lepomis_macrochirus,1,NA,NA,NA,NA,NA,NA,NA,NA,NA,NA,NA,NA,NA,NA,NA,NA,-0.0504749954048982,-0.0504749954048982,0.225790408058106,0.225790408058107,0.100439705931162,0.100439705931163,0.0079831665725163,0.00798316657251608,-0.640905487472308,NA,NA,NA
